Process with PID 3061466 created
Process with PID 3061467 created
Process with PID 3061468 created
Process with PID 3061469 created
for proc0: 250
for proc1: 250
for proc2: 250
for proc3: 250
9[55240] 4[65]
9[8111] 4[115]
5[47020] 3[195]
8[9732] 9[241]
6[11769] 4[247]
1[49308] 4[300]
3[32581] 2[318]
7[33406] 9[320]
7[10485] 2[321]
4[34266] 6[341]
4[19138] 7[358]
7[2386] 3[381]
3[18765] 5[412]
0[24541] 6[445]
7[36840] 3[464]
3[26048] 9[479]
0[8896] 8[495]
1[49392] 8[542]
1[5090] 7[551]
3[26702] 8[582]
7[41168] 2[583]
3[46072] 8[591]
9[24482] 3[628]
7[16194] 2[659]
9[45201] 8[691]
9[10088] 4[707]
6[50912] 0[717]
9[14842] 4[740]
9[34496] 5[791]
3[16191] 8[839]
3[4552] 8[844]
9[20111] 4[881]
7[5161] 2[924]
5[40868] 3[938]
0[47690] 2[939]
9[50851] 8[947]
4[50022] 5[951]
5[10958] 3[957]
96.2% success
